# Probe 0 (5 2 1.5)
# Probe 1 (14 2 1.5)
# Probe 2 (25 2 1.5)
# Probe 3 (33 2 1.5)
# Probe 4 (45 2 1.5)
# Probe 5 (55 2 1.5)
# Probe 6 (33 8 1.5)
# Probe 7 (33 12 1.5)
# Probe 8 (33 15 1.5)
# Time          0               1               2               3               4               5               6               7               8              
0               101325          101325          101325          101325          101325          101325          101325          101325          101325         
75              101310.2        101310.11       101310          101309.9        101309.6        101309.53       101309.75       101309.76       101309.89      
150             101310.22       101310.13       101310.02       101309.9        101309.6        101309.53       101309.77       101309.77       101309.88      
225             101310.21       101310.13       101310.02       101309.89       101309.6        101309.53       101309.77       101309.77       101309.87      
300             101310.21       101310.13       101310.02       101309.89       101309.6        101309.53       101309.78       101309.77       101309.87      
