# Probe 0 (5 2 1.5)
# Probe 1 (14 2 1.5)
# Probe 2 (25 2 1.5)
# Probe 3 (33 2 1.5)
# Probe 4 (45 2 1.5)
# Probe 5 (55 2 1.5)
# Probe 6 (33 8 1.5)
# Probe 7 (33 12 1.5)
# Probe 8 (33 15 1.5)
# Time          0               1               2               3               4               5               6               7               8              
0               293             293             293             293             293             293             293             293             293            
75              292.99991       292.99986       292.99978       292.9997        292.99952       292.99968       292.95865       292.98042       293.00825      
150             292.99991       292.99984       292.99976       292.99974       292.99965       292.9997        292.97713       292.99235       293.0018       
225             292.99991       292.99984       292.99975       292.99963       292.99935       292.99938       292.98914       292.99238       293.00073      
300             292.99991       292.99984       292.99975       292.9997        292.99957       292.99957       292.99617       292.99526       292.99776      
