# Probe 0 (5 2 1.5)
# Probe 1 (14 2 1.5)
# Probe 2 (25 2 1.5)
# Probe 3 (33 2 1.5)
# Probe 4 (45 2 1.5)
# Probe 5 (55 2 1.5)
# Probe 6 (33 8 1.5)
# Probe 7 (33 12 1.5)
# Probe 8 (33 15 1.5)
# Time          0               1               2               3               4               5               6               7               8              
0               (2 0 0)         (2 0 0)         (2 0 0)         (2 0 0)         (2 0 0)         (2 0 0)         (2 0 0)         (2 0 0)         (2 0 0)        
75              (2.0137498 -0.0022956498 0.0038873249) (2.0505819 -0.00013456161 0.00099377723) (2.0969814 -7.1227404e-05 0.00042943525) (2.1381113 -0.0067175642 0.0010127317) (2.2468144 0.0050916851 -0.00064003011) (2.2646952 0.0020519846 -0.0014901054) (0.27734278 -0.096878008 -0.036124995) (-0.23409659 -0.03115714 0.026978074) (-0.52739362 0.081273848 -0.013391797)
150             (2.0137491 -0.0022984392 0.0038883943) (2.0505825 -0.00013400176 0.00099332851) (2.0970291 -0.00020958951 0.00029255299) (2.1427355 -0.0075259366 -0.0028236783) (2.2563787 0.0046071696 -0.00073519641) (2.2728696 0.001696306 -0.00099903941) (0.1884497 -0.096654775 0.022869366) (-0.1357692 -0.032664078 -0.0098506047) (-0.52338687 0.08492462 0.040356691)
225             (2.0137495 -0.0022969089 0.0038878505) (2.0505823 -0.00013434179 0.00099358777) (2.0970021 -0.00021815752 0.00047306991) (2.1439651 -0.0079827442 0.001594341) (2.2535504 0.0037406363 0.0013738611) (2.2713128 0.0011596538 0.00053253921) (0.18499871 -0.041940479 -0.0023543872) (-0.12468649 -0.020909111 -0.0036322795) (-0.45017057 0.13031613 0.0053186002)
300             (2.0137495 -0.0022969088 0.0038878504) (2.0505823 -0.00013433207 0.00099357937) (2.0970169 -0.0001906406 0.00032750368) (2.1436619 -0.0075081366 -0.0020942628) (2.2527695 0.0043679025 -0.00046845546) (2.2709182 0.0014289274 -0.00052191941) (0.15973327 -0.063242152 0.0026737316) (-0.11748894 -0.0085535112 -0.017486001) (-0.45868783 0.10466116 0.01187341)
